-1002086038898
-1001902552194
-1001677905944
-1001964636003
-1001817351517
-1001544080229
-1001670685510
-1001653700348
-1002237080465
-1001752002869
-1002002965833
-1002084068915
-1002261444161
-1001756323301
-1001193140334
-1001788040366
-1001690732794
-1001912842491
-1001349137130
-1002126559324
-1001541355253
-1002096674943
-1001558435116
-1001696742550
-1001794625297
-1001218500192
-1001341924014
-1001680173183
-1001153453481
-1001339722471
-1001984099412
-1001259734933
-1001542646397
-1001774397907
-1001219397161
-1001407181648
-1001326962352
-1001204902018
-1002048875297
-1001620475513
