-1001458083602
-1002438802655
-1002321930736
-1002307097305
-1002395444022
-1002310274340
-1002309377612
-1002175759100
-1002360093760
-1002335383917
-1002481213098
-1002260489704
-1002467443554
-1002370045083
-1001428955589
-1001138359962
-1002429978237
-1002260572911
-1002255288340
-1002479206999
-1002459412089
-1002215188959
-1001777935062
-1002344916652
-1002436114318
-1002379076501
-1001779398548
-1002351188891
-1002347541620
-1002473442398
-1002439367863
-1002269810915
-1002446093661
-1002354203123
-1001394279557
-1001393051235
-1002408129813
-1002306660934
-1002267080795
-1002297400085
-1002444270689
-1002474598788
-1002191292391
-1002264652664
-1001305064991
-1002400452008
-1001746148831
-1002031256786
-1002137808387
-1002395469364
-1002459337609
-1002438537149
-1002488336665
-1001263233484
-1002438622921
-1001589671598
-1002213805855
-1002280965266
-1002312119724
-1001890228132
-1001661854917
-1001363828315

-1001460377184
-1001586124398
-1001600086131
-1001513633452
-1001640174318
-1001229737185
-1001812885992
-1001652990678
-1001810048548
-1001306452376
-1001970204795